,city,Lng,Lat,Country,Date,Temperature,Humidity,Cloudiness,Max Temp,Wind speed
0,houston,-95.37,29.76,US,1554423369.0,79.79,65.0,1.0,82.99,4.7
1,skjervoy,-46.0,-20.63,BR,1554423811.0,66.95,94.0,48.0,66.95,1.59
2,ponta do sol,-53.11,48.65,CA,1554423384.0,30.99,80.0,36.0,30.99,18.01
4,bonavista,-101.88,54.77,CA,1554418800.0,26.6,68.0,90.0,26.6,10.29
5,orocue,-159.78,-21.21,CK,1554420600.0,75.2,88.0,24.0,75.2,4.7
6,illoqqortoormiut,115.35,-33.64,AU,1554423608.0,51.98,57.0,0.0,53.01,9.08
7,flin flon,-70.76,-28.58,CL,1554423812.0,55.7,89.0,0.0,55.7,0.81
8,jibuti,150.8,-2.57,PG,1554423812.0,82.43,100.0,48.0,82.43,2.04
9,avarua,18.42,-33.93,ZA,1554423790.0,58.57,72.0,75.0,59.0,13.87
10,qaanaaq,-77.4,39.0,US,1554423809.0,58.5,31.0,90.0,62.01,6.93
11,busselton,-134.97,-23.12,PF,1554423576.0,76.58,100.0,0.0,76.58,16.46
12,hermanus,-46.05,60.91,GL,1554421800.0,41.0,27.0,92.0,41.0,18.34
13,vallenar,-0.61,51.68,GB,1554423787.0,43.52,70.0,88.0,46.99,8.05
14,amderma,-1.75,4.89,GH,1554423813.0,81.17,100.0,76.0,81.17,11.65
15,kavieng,119.24,10.18,PH,1554423814.0,81.98,96.0,0.0,81.98,9.64
16,acapulco,-2.56,47.55,FR,1554423798.0,48.87,93.0,92.0,50.0,18.34
17,cape town,-25.43,37.72,PT,1554423804.0,54.36,62.0,75.0,55.0,13.87
18,sorland,65.27,58.04,RU,1554423814.0,15.83,63.0,0.0,15.83,2.71
19,sterling,168.86,-46.19,NZ,1554423606.0,55.99,63.0,76.0,55.99,5.28
21,rikitea,81.12,6.12,LK,1554423815.0,80.27,100.0,24.0,80.27,4.72
22,ushuaia,-20.27,63.44,IS,1554423815.0,37.7,93.0,68.0,37.7,3.71
23,narsaq,-135.01,68.22,CA,1554418800.0,11.07,61.0,5.0,12.2,4.7
24,beloha,-99.14,30.05,US,1554423423.0,83.48,11.0,1.0,86.0,5.73
25,amersham,-104.67,23.99,MX,1554423616.0,73.99,14.0,0.0,73.99,11.01
27,takoradi,-70.49,-25.41,CL,1554423816.0,57.95,90.0,8.0,57.95,2.15
28,tommot,10.7,63.83,NO,1554423664.0,42.04,73.0,75.0,44.6,11.41
29,caramay,33.6,40.67,TR,1554423816.0,31.04,78.0,12.0,31.04,1.48
31,ambon,-67.52,-46.43,AR,1554423723.0,61.37,48.0,0.0,61.37,18.03
32,ilheus,111.97,43.65,CN,1554423817.0,34.73,57.0,64.0,34.73,18.48
33,vila franca do campo,80.68,7.35,LK,1554423817.0,64.52,94.0,0.0,64.52,2.15
34,abu dhabi,149.07,-23.58,AU,1554423817.0,77.84,52.0,12.0,77.84,13.44
35,tavda,107.58,16.47,VN,1554420600.0,77.0,100.0,20.0,77.0,2.24
36,balkanabat,-56.44,-14.4,BR,1554423722.0,78.56,84.0,12.0,78.56,3.94
37,mataura,-53.67,66.94,GL,1554423818.0,20.69,90.0,56.0,20.69,4.27
38,arraial do cabo,30.79,59.7,RU,1554423636.0,33.53,51.0,0.0,37.4,4.47
39,palabuhanratu,-74.86,49.78,CA,1554418800.0,15.8,52.0,1.0,15.8,19.46
40,hambantota,-0.61,44.83,FR,1554423684.0,47.84,66.0,0.0,48.2,11.41
41,songea,79.77,51.68,RU,1554423819.0,49.58,93.0,64.0,49.58,8.08
42,vestmannaeyjar,-139.03,-9.8,PF,1554423819.0,82.52,99.0,76.0,82.52,15.79
43,kodiak,-135.06,60.72,CA,1554423726.0,26.89,49.0,75.0,28.0,10.29
45,guerrero negro,36.2,36.95,TR,1554423787.0,54.18,82.0,40.0,57.0,6.93
46,kerrville,29.29,0.12,CD,1554423820.0,61.01,92.0,0.0,61.01,1.59
47,funadhoo,22.34,39.45,GR,1554423803.0,47.7,87.0,20.0,52.0,2.71
48,constitucion,14.64,63.18,SE,1554423716.0,33.91,80.0,92.0,34.0,8.05
49,chardara,117.04,30.51,CN,1554423820.0,55.88,92.0,0.0,55.88,6.73
50,belushya guba,7.07,5.43,NG,1554423821.0,74.78,91.0,12.0,74.78,7.4
51,taltal,-62.05,9.06,VE,1554423821.0,80.45,63.0,24.0,80.45,9.42
53,hovd,138.6,-33.21,AU,1554423821.0,76.31,37.0,0.0,76.31,15.57
54,tasiilaq,73.08,-0.6,MV,1554423605.0,81.62,100.0,64.0,81.62,3.49
55,ayan,63.78,67.55,RU,1554423531.0,31.94,96.0,88.0,31.94,20.15
56,ouesso,20.04,-34.53,ZA,1554423407.0,57.07,71.0,76.0,57.2,6.93
57,tumannyy,127.67,26.12,JP,1554423748.0,68.0,94.0,1.0,68.0,14.99
58,mar del plata,153.71,67.46,RU,1554423822.0,20.6,76.0,20.0,20.6,3.15
59,butaritari,147.33,-42.88,AU,1554423795.0,63.48,42.0,20.0,66.0,10.29
60,erenhot,-68.52,63.75,CA,1554423723.0,5.0,71.0,75.0,5.0,23.04
61,victor harbor,-156.47,20.89,US,1554423665.0,79.03,45.0,20.0,86.0,24.16
62,wattegama,4.24,48.95,FR,1554423725.0,34.68,86.0,0.0,35.6,8.05
63,asarganj,109.34,-0.02,ID,1554420600.0,75.2,100.0,20.0,75.2,5.06
64,bluff,-159.32,22.08,US,1554423806.0,78.48,54.0,75.0,82.4,12.75
65,bayanday,122.67,11.0,PH,1554423824.0,79.73,76.0,0.0,79.73,9.75
66,hue,114.09,71.97,RU,1554423824.0,13.31,81.0,0.0,13.31,7.18
67,salalah,115.24,5.28,BN,1554422400.0,80.02,88.0,75.0,82.4,2.59
68,diamantino,-122.67,45.52,US,1554423185.0,56.97,67.0,90.0,60.01,3.36
69,thompson,147.06,-42.78,AU,1554423795.0,63.46,42.0,20.0,66.0,10.29
70,sisimiut,-147.8,64.86,US,1554423825.0,30.61,36.0,20.0,34.0,16.11
71,kavaratti,15.05,3.52,CM,1554423828.0,69.83,96.0,0.0,69.83,2.04
72,nikolskoye,-161.76,60.79,US,1554422160.0,30.61,69.0,1.0,32.0,21.92
73,bail hongal,-34.84,-6.97,BR,1554422400.0,80.6,83.0,20.0,80.6,4.7
74,chapais,27.25,31.35,EG,1554418800.0,53.6,93.0,20.0,53.6,2.24
75,vaini,7.6,12.99,NG,1554423830.0,73.88,35.0,0.0,73.88,5.17
76,saint-augustin,-127.42,50.7,CA,1554422400.0,53.6,71.0,75.0,53.6,12.75
77,tuktoyaktuk,-52.96,5.38,GF,1554423830.0,80.9,91.0,100.0,80.9,10.98
78,malinovoye ozero,-111.68,43.97,US,1554423416.0,50.16,81.0,90.0,55.4,11.41
79,severo-kurilsk,14.28,-22.12,NA,1554422529.0,59.0,92.0,0.0,59.0,3.0
80,atuona,-72.67,-7.63,BR,1554422400.0,80.6,94.0,40.0,80.6,3.27
81,dikson,25.87,45.23,RO,1554423823.0,35.29,89.0,0.0,43.0,6.62
83,lolua,165.23,-20.78,NC,1554423832.0,81.89,64.0,32.0,81.89,3.71
84,taolanaro,33.28,68.14,RU,1554423832.0,21.86,84.0,64.0,21.86,3.94
85,erzin,18.26,0.05,CD,1554423832.0,74.06,100.0,0.0,74.06,2.26
87,butembo,-61.06,-2.52,BR,1554423832.0,79.01,92.0,20.0,79.01,2.59
88,bataraza,77.58,34.16,IN,1554423833.0,5.93,82.0,80.0,5.93,0.58
89,saint george,-122.69,58.81,CA,1554418800.0,17.6,67.0,75.0,17.6,2.24
90,port alfred,1.41,18.44,ML,1554423833.0,76.67,24.0,56.0,76.67,2.15
91,ostersund,138.93,34.7,JP,1554423611.0,58.71,48.0,75.0,62.01,21.92
92,sitka,15.16,-26.65,NA,1554423833.0,62.18,76.0,0.0,62.18,18.03
93,anqing,-56.15,72.79,GL,1554423834.0,13.4,87.0,8.0,13.4,17.25
95,naze,32.62,-20.19,ZW,1554423837.0,60.83,91.0,0.0,60.83,2.59
96,lorengau,18.1,-19.56,NA,1554423837.0,59.21,88.0,8.0,59.21,3.27
97,tucupita,-81.06,29.29,US,1554423781.0,69.94,68.0,1.0,73.0,6.93
98,soyo,19.61,47.45,HU,1554423726.0,51.37,57.0,0.0,55.0,9.17
99,karaul,149.84,-29.46,AU,1554423323.0,74.46,41.0,0.0,75.2,11.41
100,jamestown,-83.89,43.59,US,1554423696.0,40.03,48.0,40.0,42.8,13.87
101,provideniya,135.58,62.65,RU,1554423838.0,23.12,67.0,32.0,23.12,2.71
102,hithadhoo,5.47,10.4,NG,1554423838.0,78.92,55.0,0.0,78.92,8.63
103,griffith,60.37,54.98,RU,1554423839.0,22.13,93.0,0.0,22.13,6.85
104,komsomolskiy,-90.35,-0.74,EC,1554423839.0,78.74,100.0,32.0,78.74,1.81
105,bijawar,136.82,34.34,JP,1554420600.0,53.6,54.0,0.0,53.6,4.7
106,bredasdorp,-65.11,-43.3,AR,1554423839.0,55.79,37.0,0.0,55.79,6.17
107,biak,-35.46,-5.2,BR,1554418800.0,78.8,94.0,20.0,78.8,3.36
108,itoman,38.73,8.96,ET,1554418800.0,55.4,93.0,75.0,55.4,2.24
109,chokurdakh,22.13,-30.97,ZA,1554423840.0,52.91,75.0,8.0,52.91,16.02
111,cidreira,118.96,42.27,CN,1554423840.0,36.44,38.0,20.0,36.44,6.96
112,hobart,155.63,-6.22,PG,1554423840.0,80.27,100.0,88.0,80.27,3.15
113,georgetown,-15.21,64.25,IS,1554423841.0,35.63,100.0,64.0,35.63,9.31
114,iqaluit,15.63,78.22,NO,1554421800.0,28.4,92.0,90.0,28.4,32.21
115,port elizabeth,159.59,-8.15,SB,1554423841.0,86.57,79.0,80.0,86.57,7.63
116,kahului,161.3,68.75,RU,1554423841.0,26.63,73.0,0.0,26.63,2.37
117,bambous virieux,-86.95,49.72,CA,1554418800.0,33.8,31.0,20.0,33.8,14.99
118,saint-pierre,29.09,70.86,NO,1554423842.0,28.07,100.0,76.0,28.07,6.62
120,pontianak,-46.39,-20.86,BR,1554423842.0,74.33,82.0,68.0,74.33,0.69
121,callaway,95.32,5.56,ID,1554423842.0,76.13,96.0,32.0,76.13,1.36
123,marshall,85.18,45.63,CN,1554423843.0,58.58,61.0,0.0,58.58,10.54
124,dingle,-111.29,47.5,US,1554423486.0,56.88,33.0,90.0,57.2,13.87
125,quang ngai,-69.22,-51.62,AR,1554418800.0,50.0,61.0,40.0,50.0,12.75
126,saskylakh,16.35,-9.54,AO,1554423843.0,64.25,98.0,44.0,64.25,3.38
127,dandong,26.19,59.1,EE,1554423843.0,32.03,82.0,0.0,32.03,5.28
128,victoria,-120.46,34.64,US,1554423695.0,59.59,59.0,90.0,62.6,10.29
129,pasighat,20.52,50.04,PL,1554423745.0,49.01,66.0,0.0,51.01,6.93
131,vila velha,41.69,13.93,ER,1554423844.0,72.89,95.0,64.0,72.89,3.38
132,new norfolk,88.17,57.31,RU,1554423667.0,13.31,64.0,20.0,13.31,2.37
133,canita,-27.07,38.73,PT,1554423366.0,54.59,58.0,75.0,55.4,22.84
134,college,74.94,55.43,RU,1554423668.0,30.95,93.0,92.0,30.95,15.68
135,saint-philippe,76.73,24.01,IN,1554423845.0,64.61,72.0,8.0,64.61,3.15
136,yokadouma,-52.33,4.94,GF,1554422400.0,77.0,88.0,75.0,77.0,3.36
137,kasongo-lunda,-7.54,43.27,ES,1554423837.0,42.73,87.0,88.0,46.0,8.05
138,bethel,-79.15,-7.84,PE,1554422400.0,69.8,88.0,20.0,69.8,9.17
139,thinadhoo,-147.72,64.84,US,1554423846.0,30.33,36.0,20.0,34.0,16.11
140,cabedelo,114.05,22.54,CN,1554423749.0,73.2,88.0,75.0,75.99,4.47
141,tabuk,-68.59,70.47,CA,1554418800.0,-2.21,77.0,5.0,-2.21,6.93
142,marsa matruh,-2.24,4.87,GH,1554423846.0,81.89,100.0,48.0,81.89,14.79
143,airai,-23.22,15.13,CV,1554418800.0,69.8,64.0,20.0,69.8,16.11
144,katsina,-79.75,-2.03,EC,1554423620.0,81.5,90.0,92.0,82.0,5.99
145,karratha,-73.76,-42.48,CL,1554422400.0,50.0,81.0,90.0,50.0,4.7
146,port hardy,44.22,17.54,SA,1554418800.0,75.2,38.0,0.0,75.2,11.41
147,grand river south east,-92.44,39.42,US,1554423809.0,48.88,93.0,90.0,50.0,9.17
148,sinnamary,-155.08,19.71,US,1554423799.0,73.67,57.0,40.0,78.8,9.17
150,saint anthony,-17.03,20.93,MR,1554418800.0,66.2,72.0,20.0,66.2,12.75
151,vaitupu,-97.07,15.86,MX,1554417900.0,86.0,66.0,5.0,86.0,9.17
153,zhezkazgan,-69.85,19.37,DO,1554418800.0,78.8,83.0,20.0,78.8,11.41
154,cruzeiro do sul,-3.66,16.42,ML,1554423849.0,90.98,26.0,80.0,90.98,9.98
155,kalmunai,97.04,40.29,CN,1554423849.0,46.52,30.0,0.0,46.52,11.54
156,bertea,91.39,53.6,RU,1554420600.0,26.6,63.0,0.0,26.6,4.47
157,teya,-61.45,10.24,TT,1554423608.0,77.7,74.0,20.0,78.8,5.82
158,tabiauea,12.59,37.65,IT,1554423677.0,55.24,82.0,40.0,59.0,3.36
159,touho,-169.92,-19.06,NU,1554418800.0,82.4,78.0,75.0,82.4,10.29
160,ribeira grande,72.51,65.53,RU,1554423851.0,29.87,89.0,48.0,29.87,13.22
161,olenegorsk,67.28,37.23,AF,1554423745.0,68.4,72.0,40.0,69.8,6.93
162,manaure,20.71,41.28,MK,1554423851.0,42.2,70.0,80.0,42.2,2.48
163,mbandaka,-39.92,-2.92,BR,1554423851.0,73.79,99.0,68.0,73.79,6.29
164,yellowknife,-105.87,37.47,US,1554423823.0,52.93,16.0,1.0,57.2,14.99
165,mys shmidta,104.18,10.62,KH,1554420600.0,77.94,94.0,40.0,78.8,2.24
166,curuca,94.69,58.18,RU,1554423852.0,14.48,71.0,0.0,14.48,2.71
167,pevek,-64.4,49.0,CA,1554418800.0,23.0,57.0,90.0,23.0,26.4
168,leh,151.84,-26.54,AU,1554423616.0,64.35,88.0,90.0,66.0,11.41
169,dongsheng,23.04,69.01,NO,1554423852.0,10.7,75.0,12.0,10.7,2.59
170,fort nelson,12.15,-15.19,AO,1554423853.0,78.56,100.0,0.0,78.56,10.42
172,kidal,-77.74,39.62,US,1554423845.0,55.38,35.0,75.0,59.0,5.82
174,shimoda,50.81,9.49,SO,1554423853.0,79.46,100.0,0.0,79.46,4.72
175,chuy,35.38,-23.87,MZ,1554423853.0,74.42,100.0,0.0,74.42,9.08
176,luderitz,64.91,36.41,AF,1554423854.0,57.05,88.0,68.0,57.05,3.49
177,obihiro,79.57,30.57,IN,1554423674.0,11.69,85.0,0.0,11.69,1.59
178,upernavik,32.53,34.92,CY,1554423389.0,52.39,93.0,20.0,57.2,5.82
179,ostrovnoy,112.47,63.01,RU,1554423854.0,25.82,89.0,80.0,25.82,1.92
180,warqla,-64.29,-36.62,AR,1554423856.0,58.76,49.0,0.0,58.76,10.65
182,fortuna,-90.96,30.49,US,1554423848.0,62.17,100.0,90.0,63.0,9.17
183,grootfontein,132.26,-14.47,AU,1554422400.0,86.0,66.0,75.0,86.0,13.87
184,barrow,36.65,47.36,UA,1554423857.0,30.32,56.0,24.0,30.32,3.71
185,ormond beach,-57.95,48.95,CA,1554423348.0,24.31,85.0,90.0,24.8,29.97
186,coihaique,16.43,-28.55,ZA,1554423858.0,60.47,95.0,80.0,60.47,14.0
187,tapioszecso,130.41,67.8,RU,1554423858.0,21.32,87.0,32.0,21.32,4.16
189,moree,-149.89,61.22,US,1554423682.0,39.29,32.0,75.0,42.01,16.11
190,barentsburg,10.22,11.56,NG,1554423858.0,73.07,42.0,0.0,73.07,3.71
191,bay city,82.69,25.75,IN,1554420600.0,73.4,83.0,0.0,73.4,6.93
192,ilulissat,-6.55,41.42,PT,1554423859.0,40.67,98.0,92.0,40.67,10.76
193,khandyga,-56.83,-26.98,PY,1554423859.0,73.61,97.0,92.0,73.61,5.61
194,roebourne,140.78,-37.83,AU,1554418800.0,71.6,49.0,36.0,71.6,19.46
195,kontagora,166.46,-22.28,NC,1554420600.0,82.4,54.0,0.0,82.4,16.11
196,burns lake,173.16,-35.17,NZ,1554423860.0,66.32,83.0,88.0,66.32,9.19
197,chebarkul,125.51,12.18,PH,1554423860.0,77.39,100.0,80.0,77.39,4.72
199,puerto ayora,-65.31,-43.25,AR,1554423767.0,55.79,37.0,0.0,55.79,6.17
200,progreso,-45.44,-23.68,BR,1554418800.0,78.8,65.0,0.0,78.8,2.24
201,shima,159.95,59.08,RU,1554423860.0,35.99,67.0,56.0,35.99,9.53
202,bougouni,13.24,-8.83,AO,1554422400.0,82.4,83.0,75.0,82.4,5.82
203,rawson,8.01,45.46,IT,1554423853.0,41.23,80.0,0.0,46.99,5.82
204,deputatskiy,170.5,-45.87,NZ,1554423151.0,54.0,59.0,92.0,54.0,8.01
205,touros,-59.52,13.22,BB,1554422400.0,77.0,73.0,20.0,77.0,17.22
206,yulara,-120.34,50.68,CA,1554422400.0,64.4,34.0,75.0,64.4,13.87
207,lebu,177.51,64.73,RU,1554423749.0,20.19,85.0,0.0,21.0,4.47
209,carnarvon,14.51,-22.95,NA,1554422529.0,58.08,87.0,0.0,59.0,8.05
210,tiksi,99.89,20.44,MM,1554423134.0,69.48,88.0,68.0,69.8,1.81
211,karakendzha,-1.8,51.07,GB,1554423701.0,43.38,87.0,80.0,48.0,12.75
212,chifeng,-54.38,4.27,GF,1554423862.0,82.16,65.0,92.0,82.16,4.61
213,roma,66.31,51.1,KZ,1554423863.0,40.4,99.0,92.0,40.4,6.62
214,kieta,-13.05,20.52,MR,1554423863.0,54.62,71.0,0.0,54.62,2.93
215,chato,72.36,27.13,IN,1554423863.0,69.65,68.0,0.0,69.65,3.04
216,hofn,-179.17,66.32,RU,1554423863.0,18.98,87.0,32.0,18.98,3.15
217,uglekamensk,-68.2,10.49,VE,1554423864.0,70.19,88.0,80.0,70.19,4.05
218,longyearbyen,176.59,-39.94,NZ,1554423377.0,57.99,79.0,80.0,57.99,4.5
220,buala,169.27,-19.55,VU,1554418800.0,84.2,79.0,90.0,84.2,9.17
221,ifakara,57.56,66.0,RU,1554423864.0,32.03,92.0,80.0,32.03,13.56
222,cherskiy,3.91,46.42,FR,1554423405.0,29.52,79.0,0.0,32.0,2.24
223,hami,-23.68,15.1,CV,1554418800.0,69.8,64.0,20.0,69.8,16.11
224,geraldton,22.19,-19.66,BW,1554423865.0,76.58,60.0,68.0,76.58,1.92
225,comrie,-25.67,37.73,PT,1554423744.0,54.37,62.0,75.0,55.0,13.87
226,berlevag,34.1,51.58,UA,1554423865.0,27.08,73.0,56.0,27.08,2.93
227,nome,27.27,61.69,FI,1554423604.0,30.36,100.0,0.0,33.01,4.61
228,sentyabrskiy,105.15,9.18,VN,1554423601.0,80.27,90.0,8.0,80.27,4.94
229,alpinopolis,8.4,9.67,NG,1554423866.0,69.38,55.0,0.0,69.38,1.7
230,ancud,143.99,-6.28,PG,1554423866.0,60.29,95.0,80.0,60.29,2.15
231,banda aceh,57.53,22.93,OM,1554423866.0,61.28,49.0,32.0,61.28,2.82
232,kalofer,54.33,60.3,RU,1554423867.0,19.25,67.0,0.0,19.25,4.61
233,attawapiskat,46.32,-15.72,MG,1554422400.0,75.2,94.0,75.0,75.2,13.87
234,baijiantan,119.99,10.55,PH,1554423867.0,81.98,96.0,0.0,81.98,15.68
235,kikwit,126.98,37.57,KR,1554421800.0,48.27,81.0,90.0,51.8,3.36
236,great falls,8.78,-0.72,GA,1554418800.0,84.2,89.0,40.0,84.2,8.05
237,mount isa,102.47,71.98,RU,1554423868.0,16.91,89.0,64.0,16.91,15.68
238,rio gallegos,153.62,-28.65,AU,1554423617.0,75.63,53.0,68.0,80.01,11.41
240,malanje,106.34,39.23,CN,1554423868.0,39.86,31.0,0.0,39.86,4.72
243,fontem,31.9,54.43,RU,1554423869.0,23.3,71.0,0.0,23.3,2.82
244,lompoc,153.24,-28.95,AU,1554423563.0,74.12,57.0,68.0,77.0,8.05
245,hermiston,-16.33,33.08,PT,1554422400.0,59.0,72.0,40.0,59.0,17.22
246,zatoka,-78.7,26.54,BS,1554418800.0,75.2,78.0,40.0,75.2,14.99
247,faanui,23.77,56.97,LV,1554423598.0,34.47,74.0,0.0,36.0,3.36
248,bajo baudo,-67.58,-39.03,AR,1554418800.0,69.8,30.0,0.0,69.8,5.82
249,edd,-7.17,62.16,FO,1554423600.0,42.8,70.0,56.0,42.8,14.99
250,pisco,111.51,65.95,RU,1554423870.0,15.47,70.0,36.0,15.47,3.71
251,teguldet,167.69,-46.13,NZ,1554423606.0,55.99,63.0,92.0,55.99,6.62
252,am timan,-41.05,-21.64,BR,1554418800.0,78.8,88.0,0.0,78.8,2.24
253,praia da vitoria,135.5,-3.36,ID,1554423871.0,78.02,81.0,8.0,78.02,2.37
254,nanortalik,0.71,49.65,FR,1554423860.0,41.14,65.0,0.0,44.6,11.41
255,nizhnyaya omka,-95.72,44.94,US,1554423655.0,39.27,80.0,90.0,42.8,17.22
256,samalaeulu,30.02,63.32,FI,1554423871.0,33.47,96.0,92.0,33.47,4.5
257,rajgarh,145.86,44.03,RU,1554423872.0,35.09,90.0,0.0,35.09,4.94
258,acajutla,55.05,55.99,RU,1554423872.0,28.07,84.0,0.0,28.07,7.52
260,quatre cocos,125.28,24.8,JP,1554421440.0,70.61,100.0,75.0,71.6,8.05
261,bereda,73.0,5.67,MV,1554423872.0,84.23,100.0,0.0,84.23,4.72
263,chicama,59.53,22.57,OM,1554423873.0,80.27,80.0,48.0,80.27,3.38
264,manokwari,-87.49,21.1,MX,1554423743.0,80.28,74.0,75.0,80.6,11.41
265,fairbanks,10.65,-3.44,GA,1554423876.0,79.55,100.0,76.0,79.55,6.29
266,roswell,101.31,1.11,ID,1554423876.0,73.07,98.0,88.0,73.07,3.6
267,shenzhen,4.46,11.23,NG,1554423877.0,76.31,49.0,0.0,76.31,2.37
268,cozumel,-119.7,34.42,US,1554423729.0,59.25,63.0,75.0,62.6,8.05
269,clyde river,1.67,9.71,BJ,1554423881.0,76.13,84.0,8.0,76.13,10.42
272,uyuni,87.44,23.05,IN,1554422400.0,80.6,88.0,75.0,80.6,4.7
274,ixtapa,20.28,44.8,RS,1554422400.0,52.68,51.0,0.0,53.6,21.92
275,olinda,-8.45,37.14,PT,1554423729.0,54.77,82.0,75.0,57.2,17.22
276,umzimvubu,136.78,-12.18,AU,1554422400.0,82.4,83.0,40.0,82.4,12.75
278,talnakh,70.44,54.91,KZ,1554423882.0,31.31,92.0,88.0,31.31,14.9
279,najran,-5.0,5.24,CI,1554423883.0,80.54,84.0,76.0,80.54,8.08
280,guangyuan,45.27,-12.79,YT,1554422400.0,78.8,94.0,0.0,78.8,2.24
281,moberly,21.07,1.51,CD,1554423883.0,73.79,95.0,8.0,73.79,1.59
282,asfi,20.74,-8.42,AO,1554423883.0,73.43,79.0,56.0,73.43,5.17
283,hilo,-81.25,19.28,KY,1554422404.0,79.56,78.0,75.0,80.6,14.99
284,petropavlovsk-kamchatskiy,-63.06,18.22,AI,1554423425.0,77.67,69.0,20.0,78.8,12.75
285,nizhneyansk,76.52,25.1,IN,1554423884.0,66.41,53.0,0.0,66.41,3.83
286,nouadhibou,-127.17,54.78,CA,1554418800.0,46.4,49.0,90.0,46.4,2.24
287,katsuura,14.75,47.19,AT,1554423562.0,47.55,81.0,92.0,50.0,3.36
289,padang,82.72,18.81,IN,1554423885.0,65.15,82.0,44.0,65.15,3.94
290,urdzhar,82.1,21.11,IN,1554423885.0,74.78,59.0,0.0,74.78,8.19
291,nagua,32.42,34.81,CY,1554423389.0,52.38,93.0,20.0,57.2,5.82
292,macomb,59.15,53.14,RU,1554420600.0,32.0,94.0,90.0,32.0,6.71
294,zuwarah,-64.79,-23.81,AR,1554423886.0,65.24,95.0,44.0,65.24,3.71
295,yumen,-59.8,3.38,GY,1554423631.0,91.61,40.0,92.0,91.61,14.9
296,macklin,-55.73,-22.54,BR,1554423886.0,76.31,82.0,12.0,76.31,5.95
297,belyy yar,-151.02,-16.7,PF,1554423886.0,81.98,100.0,80.0,81.98,10.65
298,macau,67.45,24.14,PK,1554423887.0,79.46,92.0,0.0,79.46,12.66
299,esperance,23.16,50.98,PL,1554420600.0,42.8,52.0,0.0,42.8,6.93
300,igarka,120.31,63.45,RU,1554423887.0,26.0,77.0,32.0,26.0,3.6
301,mazara del vallo,122.97,39.7,CN,1554423712.0,48.0,83.0,0.0,48.0,3.0
302,jvari,-77.06,26.54,BS,1554423888.0,74.78,100.0,64.0,74.78,16.91
303,alofi,121.97,53.97,RU,1554423888.0,30.41,67.0,80.0,30.41,3.49
304,plettenberg bay,147.85,-6.6,PG,1554423888.0,82.61,73.0,8.0,82.61,2.37
306,samarai,10.99,59.25,NO,1554423859.0,40.84,60.0,0.0,45.0,6.93
307,termiz,116.77,23.46,CN,1554422400.0,69.8,94.0,20.0,69.8,2.24
308,poya,-60.67,2.82,BR,1554418800.0,91.4,41.0,0.0,91.4,8.05
310,pachino,89.46,26.32,IN,1554423891.0,68.12,79.0,24.0,68.12,13.44
312,bo,107.51,26.23,CN,1554423891.0,49.4,93.0,8.0,49.4,2.93
313,alamosa,-99.5,27.49,US,1554423605.0,88.75,27.0,1.0,91.4,10.29
314,ballina,159.96,-9.43,SB,1554423891.0,83.15,81.0,36.0,83.15,2.93
315,kampot,145.57,43.32,JP,1554420600.0,41.0,38.0,0.0,41.0,3.36
316,pangnirtung,134.26,7.04,PW,1554418200.0,82.4,78.0,75.0,82.4,6.93
317,motygino,22.55,4.31,CD,1554423892.0,73.07,75.0,0.0,73.07,3.27
318,souillac,131.29,31.5,JP,1554423747.0,53.94,51.0,75.0,59.0,16.11
319,riviere-au-renard,40.58,45.43,RU,1554423317.0,36.0,74.0,8.0,36.0,3.83
320,xichang,132.2,46.32,CN,1554423893.0,31.67,87.0,92.0,31.67,12.1
321,kingaroy,119.9,15.44,PH,1554423893.0,79.55,88.0,0.0,79.55,3.04
322,mahebourg,59.39,42.05,TM,1554422400.0,45.1,70.0,0.0,48.2,11.41
323,kautokeino,-37.04,-10.91,BR,1554418800.0,84.2,74.0,40.0,84.2,11.41
325,namibe,42.96,41.96,GE,1554422400.0,39.2,100.0,0.0,39.2,8.05
327,papasquiaro,42.75,0.07,SO,1554423894.0,76.49,94.0,20.0,76.49,5.61
328,vardo,-59.64,-29.14,AR,1554423895.0,68.21,83.0,56.0,68.21,16.02
329,umm lajj,112.94,2.02,MY,1554423895.0,75.41,95.0,44.0,75.41,2.59
330,saleaula,-60.44,-26.79,AR,1554423895.0,68.48,91.0,88.0,68.48,17.81
331,bandarbeyla,148.6,-32.25,AU,1554422400.0,71.6,56.0,12.0,71.6,16.11
332,atsiki,31.33,-14.25,ZM,1554423895.0,68.21,71.0,32.0,68.21,8.75
333,inhambane,32.9,24.09,EG,1554418800.0,69.8,26.0,0.0,69.8,11.41
334,qinzhou,55.19,45.32,KZ,1554423896.0,34.1,84.0,0.0,34.1,2.93
335,dawlatabad,-70.03,12.52,AW,1554422400.0,80.6,74.0,20.0,80.6,16.11
336,zhaoqing,-114.41,32.66,US,1554423663.0,80.44,27.0,1.0,82.4,14.99
337,joshimath,152.44,-3.66,PG,1554423896.0,80.36,100.0,88.0,80.36,3.94
338,maracas,136.29,44.76,RU,1554423897.0,30.5,86.0,88.0,30.5,2.93
339,lasa,64.8,60.13,RU,1554423897.0,24.02,78.0,0.0,24.02,4.72
340,san cristobal,150.86,-34.67,AU,1554423728.0,70.16,72.0,40.0,75.0,4.7
342,margate,-99.35,20.75,MX,1554423897.0,78.29,20.0,8.0,78.29,2.04
343,santa rosa,43.89,4.12,SO,1554423897.0,74.78,65.0,0.0,74.78,10.98
344,dombarovskiy,-122.03,36.97,US,1554423624.0,58.96,76.0,90.0,63.0,10.29
345,temaraia,-91.43,31.57,US,1554423605.0,62.01,93.0,90.0,62.6,5.82
346,denham springs,-70.1,41.28,US,1554423875.0,44.87,60.0,1.0,46.99,12.75
347,topolovgrad,-105.3,55.1,CA,1554421140.0,28.4,58.0,90.0,28.4,10.29
348,katherine,113.28,46.68,MN,1554423900.0,26.0,30.0,36.0,26.0,1.36
349,havre-saint-pierre,43.97,26.33,SA,1554418800.0,69.8,37.0,0.0,69.8,11.41
350,kuybysheve,-170.99,65.58,RU,1554423900.0,22.31,95.0,0.0,22.31,20.83
351,izhma,-70.67,46.12,CA,1554423407.0,26.33,46.0,76.0,27.0,11.01
352,corner brook,119.47,4.65,PH,1554423901.0,81.98,100.0,0.0,81.98,2.71
353,inchture,28.44,-14.44,ZM,1554423901.0,66.14,63.0,32.0,66.14,7.18
354,oranjemund,-83.39,14.04,NI,1554418800.0,82.4,83.0,75.0,82.4,9.17
355,tura,78.0,42.34,KG,1554423902.0,37.07,100.0,8.0,37.07,3.71
357,yinchuan,48.29,54.97,RU,1554423902.0,32.57,95.0,92.0,32.57,9.31
358,urumqi,-49.67,61.99,GL,1554423903.0,35.63,84.0,92.0,35.63,29.89
359,anchorage,90.77,24.43,BD,1554423903.0,68.21,92.0,92.0,68.21,13.67
360,san carlos del zulia,10.9,5.73,CM,1554423903.0,70.01,74.0,44.0,70.01,1.81
361,isawa,64.64,25.21,PK,1554423903.0,76.67,73.0,0.0,76.67,5.61
362,bonthe,-74.78,-0.19,CO,1554423904.0,88.73,47.0,32.0,88.73,2.71
363,jaunpur,-95.86,41.26,US,1554423903.0,50.43,100.0,90.0,53.6,6.51
364,port augusta,-61.3,-5.81,BR,1554423904.0,79.64,84.0,20.0,79.64,2.26
366,santa marta,48.53,5.35,SO,1554423904.0,79.1,90.0,8.0,79.1,9.19
368,andenes,-78.12,-2.3,EC,1554423905.0,71.27,78.0,12.0,71.27,2.71
369,mount gambier,23.68,70.66,NO,1554421800.0,28.4,86.0,75.0,28.4,10.29
370,amboasary,149.55,-6.21,PG,1554423905.0,82.52,88.0,32.0,82.52,3.04
372,kaitangata,73.45,30.81,PK,1554423905.0,72.53,71.0,8.0,72.53,2.93
376,maragogi,-92.02,34.97,US,1554423633.0,59.32,82.0,90.0,61.0,9.98
378,trelew,107.15,-6.26,ID,1554423653.0,80.38,74.0,20.0,81.0,4.7
379,azimur,137.51,50.37,RU,1554423906.0,29.15,84.0,48.0,29.15,4.61
381,klaksvik,9.81,3.63,CM,1554422400.0,75.2,100.0,0.0,75.2,2.24
382,palana,-87.06,41.47,US,1554423858.0,41.92,87.0,90.0,44.6,20.8
383,burnie,-9.06,42.77,ES,1554423905.0,42.42,100.0,75.0,46.0,4.7
384,luanda,120.72,14.29,PH,1554423784.0,85.12,66.0,20.0,86.0,9.17
385,eureka,-156.68,20.87,US,1554423873.0,79.43,54.0,20.0,86.0,18.34
386,bose,174.5,-35.62,NZ,1554422885.0,66.99,68.0,20.0,66.99,5.99
387,harper,-4.62,48.38,FR,1554423787.0,42.93,100.0,90.0,44.6,6.93
388,dunedin,-130.32,54.32,CA,1554418920.0,46.4,87.0,90.0,46.4,12.75
389,port lincoln,78.05,13.4,IN,1554422400.0,69.8,68.0,0.0,69.8,3.36
390,bathsheba,-58.74,-38.55,AR,1554423104.0,62.01,76.0,0.0,62.01,8.01
391,markova,120.27,15.89,PH,1554423909.0,79.55,88.0,0.0,79.55,3.04
392,kamloops,0.08,43.23,FR,1554423783.0,44.31,79.0,0.0,46.4,4.7
393,singkang,-80.16,-0.85,EC,1554423909.0,75.77,86.0,24.0,75.77,7.63
394,anadyr,31.04,-5.11,TZ,1554423909.0,65.87,93.0,12.0,65.87,3.38
395,tomohon,-75.98,36.85,US,1554423876.0,54.05,66.0,1.0,57.99,4.7
396,westpunt,-37.31,-10.76,BR,1554418800.0,84.2,74.0,40.0,84.2,11.41
397,walvis bay,-51.99,-6.64,BR,1554423910.0,73.61,99.0,80.0,73.61,2.04
398,kutum,12.98,31.45,LY,1554423910.0,69.92,42.0,80.0,69.92,17.69
399,mae sai,42.83,33.64,IQ,1554423911.0,52.37,88.0,80.0,52.37,6.85
400,te anau,1.85,42.1,ES,1554423640.0,36.39,86.0,36.0,43.0,5.82
401,salisbury,75.93,15.74,IN,1554423911.0,65.78,88.0,0.0,65.78,2.71
402,humaita,81.46,51.0,KZ,1554423911.0,35.72,77.0,56.0,35.72,7.52
404,raudeberg,47.39,52.04,RU,1554423912.0,30.95,93.0,76.0,30.95,3.04
405,derzhavinsk,-72.9,-13.74,PE,1554423912.0,50.39,48.0,56.0,50.39,1.92
406,puerto narino,87.96,65.8,RU,1554423912.0,10.43,79.0,20.0,10.43,3.04
407,atar,108.01,61.28,RU,1554423912.0,23.75,86.0,76.0,23.75,4.27
408,pacific grove,4.89,44.93,FR,1554423887.0,33.87,86.0,0.0,37.99,5.82
409,phalodi,8.57,7.38,NG,1554423913.0,83.24,70.0,0.0,83.24,13.89
410,homer,-72.32,-35.97,CL,1554423913.0,57.59,65.0,0.0,57.59,11.77
412,mandalgovi,-2.98,53.41,GB,1554423609.0,41.83,87.0,40.0,44.01,14.99
414,tual,-77.04,-12.06,PE,1554423902.0,71.19,83.0,20.0,71.6,14.99
416,labuhan,-0.85,10.79,GH,1554423914.0,83.87,59.0,24.0,83.87,15.68
417,safaga,103.64,-3.75,ID,1554423914.0,73.07,97.0,76.0,73.07,3.38
419,hasaki,-15.98,18.08,MR,1554420600.0,68.0,77.0,36.0,68.0,14.99
420,usinsk,39.26,-15.12,MZ,1554418800.0,73.4,94.0,40.0,73.4,2.24
421,kuyanovo,-171.6,-13.87,WS,1554423744.0,89.37,70.0,40.0,89.6,14.99
422,saint-francois,-87.66,13.62,HN,1554422400.0,84.7,44.0,40.0,95.0,6.93
423,odweyne,-36.43,-10.41,BR,1554423918.0,79.28,87.0,24.0,79.28,6.17
424,assomada,150.74,-23.13,AU,1554422400.0,80.6,54.0,20.0,80.6,16.11
425,nelson bay,-115.58,53.65,CA,1554422400.0,35.69,86.0,90.0,37.4,3.36
426,nokaneng,-60.15,-12.74,BR,1554418800.0,73.4,94.0,0.0,73.4,4.7
427,koslan,8.53,11.99,NG,1554422400.0,75.2,33.0,0.0,75.2,2.24
429,taoudenni,-2.71,53.76,GB,1554423760.0,42.15,87.0,40.0,44.01,14.99
430,shalyhyne,-117.42,47.66,US,1554423903.0,56.32,35.0,90.0,59.0,6.93
432,mikkeli,-92.58,40.19,US,1554422100.0,47.23,100.0,90.0,48.2,6.93
433,coquimbo,-2.93,35.17,MA,1554420600.0,55.08,82.0,0.0,57.2,1.12
434,ca mau,1.73,52.61,GB,1554423859.0,42.78,81.0,8.0,46.0,9.17
435,houma,-73.12,-36.72,CL,1554422400.0,55.4,71.0,0.0,55.4,10.29
436,matagami,-63.58,44.65,CA,1554423618.0,34.57,34.0,20.0,35.6,19.46
437,aksu,13.4,-12.58,AO,1554423921.0,79.91,100.0,32.0,79.91,5.95
438,ialibu,57.19,48.59,KZ,1554423921.0,38.69,90.0,56.0,38.69,8.86
439,ye,4.39,44.62,FR,1554423906.0,38.55,77.0,0.0,42.01,6.93
440,nizwa,-174.35,-19.8,TO,1554423922.0,80.81,100.0,80.0,80.81,11.43
441,harrison,-8.23,43.48,ES,1554423905.0,43.56,87.0,64.0,46.99,8.05
442,gayny,35.57,33.21,IL,1554423384.0,55.17,77.0,20.0,60.8,2.24
443,vanimo,115.04,40.61,CN,1554423923.0,39.23,40.0,12.0,39.23,2.82
445,vila,-90.4,20.87,MX,1554423923.0,80.63,88.0,36.0,80.63,17.69
446,araceli,-0.29,27.87,DZ,1554422400.0,64.4,68.0,40.0,64.4,18.34
447,ankara,175.7,-36.83,NZ,1554423910.0,73.99,49.0,8.0,73.99,4.0
448,seoul,126.17,6.37,PH,1554423923.0,80.63,100.0,32.0,80.63,7.74
449,visnes,47.09,-21.45,MG,1554423924.0,57.95,92.0,32.0,57.95,2.37
450,port-gentil,15.06,-7.61,AO,1554423924.0,66.68,99.0,92.0,66.68,1.81
451,kilindoni,-70.2,-22.09,CL,1554423924.0,64.07,91.0,0.0,64.07,2.93
452,khatanga,136.9,37.4,JP,1554418800.0,55.4,43.0,0.0,55.4,18.34
453,sao filipe,22.43,39.42,GR,1554423803.0,47.73,87.0,20.0,52.0,2.71
454,byron bay,-46.24,-22.19,BR,1554423928.0,66.68,87.0,20.0,66.68,2.37
455,lahan,-65.04,-42.77,AR,1554423766.0,61.1,69.0,0.0,61.1,6.62
456,ksenyevka,74.98,46.84,KZ,1554423928.0,36.98,75.0,8.0,36.98,2.82
457,shitanjing,-103.33,34.19,US,1554423606.0,72.09,12.0,1.0,73.4,5.82
458,norman wells,-42.51,-22.65,BR,1554418800.0,78.8,88.0,40.0,78.8,11.41
459,stoyba,-41.77,-12.42,BR,1554423929.0,66.05,93.0,24.0,66.05,2.71
460,aban,-55.19,-25.97,PY,1554422400.0,75.2,100.0,40.0,75.2,3.36
461,sobolevo,14.54,35.84,MT,1554423647.0,59.18,82.0,20.0,60.8,14.99
462,lastoursville,68.36,51.81,KZ,1554423929.0,40.22,98.0,68.0,40.22,6.73
463,codrington,-75.44,10.27,CO,1554422400.0,80.6,78.0,0.0,80.6,13.87
464,laramie,-110.23,23.45,MX,1554423630.0,77.81,50.0,75.0,82.0,11.41
465,camacha,27.73,64.22,FI,1554421800.0,32.0,98.0,90.0,32.0,3.36
466,madisonville,118.58,-20.31,AU,1554422400.0,78.8,69.0,0.0,78.8,8.05
467,freeport,173.78,-35.1,NZ,1554422885.0,66.99,68.0,56.0,66.99,5.99
468,ust-kamchatsk,12.38,64.25,NO,1554423931.0,30.68,83.0,8.0,30.68,8.41
469,jurmala,-151.33,-22.43,PF,1554423931.0,75.41,100.0,68.0,75.41,7.96
470,shambu,-92.84,49.79,CA,1554418800.0,41.0,32.0,1.0,41.0,12.75
471,general roca,100.79,22.76,CN,1554423935.0,54.53,80.0,0.0,54.53,2.04
472,mentok,41.86,3.94,ET,1554423390.0,81.0,15.0,80.0,81.0,1.01
473,vestmanna,127.53,50.29,RU,1554420600.0,37.4,44.0,20.0,37.4,6.71
474,bongor,-122.43,37.46,US,1554423935.0,59.77,87.0,90.0,63.0,13.87
475,aykhal,44.24,60.41,RU,1554423936.0,14.93,54.0,0.0,14.93,3.15
476,cap malheureux,141.45,-31.97,AU,1554418800.0,77.0,31.0,0.0,77.0,16.11
477,tuatapere,150.51,-35.26,AU,1554423728.0,69.06,72.0,40.0,75.0,4.7
478,ambodifototra,0.35,41.52,ES,1554423393.0,40.73,60.0,36.0,43.0,6.93
480,formosa do rio preto,127.87,26.35,JP,1554423748.0,68.0,94.0,1.0,68.0,14.99
481,nabire,-65.87,-17.34,BO,1554422400.0,64.4,52.0,75.0,64.4,5.82
482,cabo san lucas,-98.3,26.07,MX,1554423921.0,83.95,51.0,1.0,86.0,5.82
483,veraval,-57.23,-34.28,UY,1554422446.0,62.01,84.0,76.0,62.01,4.0
484,punta gorda,94.8,28.17,IN,1554423938.0,53.72,86.0,56.0,53.72,1.81
485,montevideo,-46.02,-1.2,BR,1554423938.0,77.12,92.0,92.0,77.12,7.63
486,ulaangom,-6.64,4.75,CI,1554423938.0,80.81,86.0,36.0,80.81,9.42
487,lieksa,41.53,58.48,RU,1554423939.0,19.97,70.0,8.0,19.97,2.93
488,kamenka,9.45,0.39,GA,1554422400.0,84.2,83.0,20.0,84.2,4.7
489,yuzhno-kurilsk,73.4,61.25,RU,1554420600.0,26.6,86.0,0.0,26.6,4.47
490,cockburn town,-4.21,51.04,GB,1554423923.0,42.06,93.0,75.0,44.6,8.05
491,krasnokholmskiy,-79.93,22.63,CU,1554418200.0,78.8,65.0,40.0,78.8,18.34
494,hirara,56.92,33.6,IR,1554418800.0,68.0,34.0,88.0,68.0,4.7
495,ihlow,0.9,5.79,GH,1554418800.0,86.0,79.0,40.0,86.0,10.29
496,ugoofaaru,23.5,-24.69,BW,1554423941.0,61.91,90.0,48.0,61.91,1.03
497,tazovskiy,76.79,19.98,IN,1554423941.0,72.26,66.0,80.0,72.26,8.41
498,bolungarvik,47.68,15.32,YE,1554423941.0,68.21,50.0,80.0,68.21,3.15
499,sur,169.14,-44.7,NZ,1554423941.0,40.85,74.0,80.0,40.85,2.93
500,dargaville,73.07,6.62,MV,1554423942.0,83.78,100.0,0.0,83.78,5.39
501,kantunilkin,22.35,70.24,NO,1554423909.0,24.15,73.0,48.0,28.4,10.29
502,boende,33.05,-2.55,TZ,1554423942.0,68.48,97.0,76.0,68.48,5.73
503,mayumba,-56.15,-21.48,BR,1554423942.0,81.26,70.0,0.0,81.26,9.42
504,aksarka,20.43,38.2,GR,1554423343.0,55.99,85.0,92.0,55.99,4.0
505,balaipungut,-82.42,27.05,US,1554423916.0,75.02,69.0,90.0,77.0,8.05
506,bengkulu,135.31,54.72,RU,1554423943.0,30.05,76.0,88.0,30.05,3.04
507,boma,-7.35,40.36,PT,1554423414.0,44.01,87.0,92.0,44.01,5.99
508,novikovo,-112.45,34.76,US,1554423916.0,63.09,23.0,1.0,70.0,11.41
509,santa barbara,12.19,-5.56,AO,1554423944.0,82.52,100.0,88.0,82.52,3.94
510,khonsa,-82.78,34.65,US,1554423933.0,64.4,37.0,1.0,69.8,3.36
511,djougou,-59.14,47.57,CA,1554423944.0,28.79,90.0,80.0,28.79,41.85
512,ola,77.98,44.36,KZ,1554423944.0,38.87,82.0,92.0,38.87,2.71
513,nguiu,15.09,32.38,LY,1554423945.0,71.27,56.0,88.0,71.27,11.43
514,urfa,46.23,56.23,RU,1554423945.0,25.91,88.0,36.0,25.91,7.63
515,jaypur,97.46,58.38,RU,1554423795.0,20.96,82.0,0.0,20.96,3.27
516,winnemucca,-115.28,32.55,MX,1554423784.0,81.09,18.0,40.0,82.4,9.17
517,bolshegrivskoye,11.75,52.79,DE,1554423911.0,45.36,89.0,20.0,48.0,1.99
518,surcin,26.43,-24.61,BW,1554422400.0,71.6,53.0,0.0,71.6,4.7
519,pangoa,-57.35,-34.31,UY,1554422446.0,62.01,84.0,36.0,62.01,4.0
520,lagoa,30.7,-17.87,ZW,1554423947.0,61.28,74.0,0.0,61.28,9.98
522,nhulunbuy,19.59,-4.07,CD,1554423948.0,73.97,99.0,56.0,73.97,2.59
523,zhigansk,-67.92,3.87,CO,1554423948.0,81.98,79.0,8.0,81.98,2.59
524,halalo,26.69,13.6,SD,1554423948.0,66.23,18.0,0.0,66.23,9.75
525,bulaevo,131.06,42.65,RU,1554423948.0,44.0,61.0,0.0,44.0,14.23
527,grand-lahou,77.24,38.42,CN,1554423798.0,57.0,48.0,0.0,57.0,3.27
528,sibolga,131.31,31.65,JP,1554423747.0,53.87,51.0,75.0,59.0,16.11
529,dzaoudzi,75.06,24.28,IN,1554423949.0,65.51,80.0,68.0,65.51,2.93
530,morondava,142.36,-3.15,PG,1554423949.0,83.87,89.0,12.0,83.87,1.03
531,bongandanga,77.91,22.19,IN,1554423950.0,67.4,72.0,44.0,67.4,1.25
532,havoysund,42.45,18.39,SA,1554418800.0,60.8,93.0,0.0,60.8,11.41
533,lucapa,116.84,6.89,MY,1554422400.0,80.53,83.0,75.0,82.4,5.82
534,ucluelet,119.86,16.36,PH,1554423950.0,78.83,100.0,0.0,78.83,6.4
535,bodden town,-54.34,-34.48,UY,1554423656.0,67.4,77.0,48.0,67.4,14.23
536,beringovskiy,-43.55,-21.46,BR,1554418800.0,71.6,88.0,0.0,71.6,3.36
537,the valley,79.26,27.02,IN,1554423951.0,72.08,59.0,0.0,72.08,3.49
538,tungor,106.33,10.21,VN,1554420600.0,78.8,94.0,75.0,78.8,4.61
539,baran,49.82,7.98,SO,1554423951.0,78.38,100.0,44.0,78.38,7.63
540,khonuu,-1.88,46.85,FR,1554423726.0,46.71,87.0,90.0,48.99,12.75
542,mehamn,20.83,37.72,GR,1554423343.0,55.72,87.0,75.0,55.99,4.7
544,husavik,-100.35,44.37,US,1554423810.0,50.32,71.0,1.0,54.0,14.99
545,thilogne,95.96,5.38,ID,1554423952.0,77.66,98.0,44.0,77.66,4.38
546,koraput,6.28,15.46,NE,1554423953.0,73.88,42.0,0.0,73.88,4.27
547,tsiroanomandidy,-48.67,-28.24,BR,1554422400.0,78.8,83.0,75.0,78.8,9.17
549,anshun,73.71,23.85,IN,1554423953.0,71.27,64.0,24.0,71.27,2.48
550,emba,-15.05,13.79,GM,1554423953.0,80.81,37.0,24.0,80.81,8.86
551,dicabisagan,-84.5,38.05,US,1554423666.0,65.61,30.0,1.0,68.0,5.82
552,svetlogorsk,-67.43,8.92,VE,1554423954.0,89.45,39.0,32.0,89.45,16.91
553,caravelas,103.21,35.6,CN,1554423954.0,24.65,69.0,0.0,24.65,2.48
554,litoral del san juan,-68.93,-22.46,CL,1554423374.0,53.82,62.0,40.0,54.0,19.46
555,libertador general san martin,-151.26,60.55,US,1554423725.0,40.26,38.0,1.0,42.01,16.11
556,zlatoustovsk,-112.67,53.37,CA,1554423920.0,35.13,74.0,90.0,36.0,5.82
557,lethem,128.74,-15.77,AU,1554422400.0,89.6,52.0,90.0,89.6,11.41
558,beihai,-76.61,21.2,CU,1554418200.0,80.6,65.0,40.0,80.6,20.8
559,ponta pora,-47.46,-13.79,BR,1554423955.0,68.57,96.0,8.0,68.57,2.71
561,fare,11.06,-1.86,GA,1554423956.0,74.96,98.0,88.0,74.96,1.14
562,tulun,-88.82,35.61,US,1554423942.0,55.81,93.0,90.0,57.2,8.05
563,keti bandar,76.51,25.33,IN,1554423956.0,66.41,53.0,0.0,66.41,3.83
564,pringsewu,74.5,63.79,RU,1554423956.0,27.53,89.0,44.0,27.53,13.11
565,krasnystaw,123.32,10.27,PH,1554423957.0,79.1,95.0,80.0,79.1,7.96
566,oktyabrskiy,49.87,11.47,SO,1554423957.0,67.85,82.0,0.0,67.85,2.48
567,verkhnevilyuysk,-10.85,13.76,ML,1554423957.0,84.95,41.0,20.0,84.95,8.08
568,tara,24.1,45.1,RO,1554423957.0,42.38,55.0,80.0,42.38,11.1
569,zhuanghe,29.53,3.04,CD,1554423958.0,68.12,86.0,20.0,68.12,2.37
570,san carlos de bariloche,105.29,34.02,CN,1554423958.0,31.76,50.0,0.0,31.76,2.59
571,marsh harbour,-82.56,36.55,US,1554423903.0,66.06,32.0,90.0,68.0,6.93
572,geresk,88.52,28.28,CN,1554423958.0,-1.72,77.0,0.0,-1.72,2.93
573,yerofey pavlovich,136.69,35.03,JP,1554423758.0,54.19,54.0,0.0,55.0,4.7
574,santa rita do sapucai,138.5,-34.83,AU,1554423922.0,86.59,20.0,0.0,89.01,21.92
575,finschhafen,46.6,-21.17,MG,1554423959.0,53.72,91.0,12.0,53.72,2.15
576,nizhniy odes,-133.71,68.36,CA,1554418800.0,11.46,60.0,5.0,12.2,3.36
577,of,108.06,-6.5,ID,1554423962.0,72.35,97.0,88.0,72.35,4.05
578,hauge,8.73,7.3,NG,1554423963.0,84.23,62.0,0.0,84.23,15.46
579,kaitong,-96.63,48.44,US,1554423340.0,37.31,100.0,90.0,37.4,20.8
580,chenghai,31.14,-1.6,TZ,1554423963.0,62.36,93.0,24.0,62.36,2.82
581,cap-haitien,137.08,36.58,JP,1554423603.0,54.99,64.0,0.0,62.01,13.87
582,boa vista,-131.65,55.34,US,1554422160.0,44.6,81.0,90.0,44.6,20.8
583,darnah,104.73,31.78,CN,1554423964.0,51.83,77.0,20.0,51.83,2.93
584,disna,140.51,42.97,JP,1554423964.0,36.8,100.0,92.0,36.8,10.09
585,koch bihar,107.89,-7.19,ID,1554423803.0,68.93,98.0,92.0,68.93,1.7
586,omsukchan,-60.63,-9.17,BR,1554423964.0,80.63,85.0,20.0,80.63,2.04
587,grande-riviere,-107.8,50.29,CA,1554418800.0,60.8,19.0,75.0,60.8,9.17
588,xiaoweizhai,-38.32,-12.7,BR,1554418800.0,82.4,78.0,20.0,82.4,6.93
589,priyutnoye,46.42,33.64,IR,1554418800.0,50.0,57.0,0.0,50.0,6.93
590,nuevo laredo,-8.87,51.62,IE,1554422400.0,35.6,80.0,0.0,35.6,4.7
591,tuggurt,-0.04,16.28,ML,1554423965.0,87.38,27.0,8.0,87.38,9.98
592,honiara,-66.86,-29.41,AR,1554423802.0,64.43,96.0,92.0,64.43,7.4
593,loa janan,31.62,-7.95,TZ,1554423965.0,68.3,99.0,56.0,68.3,5.95
594,nemuro,-48.8,-1.76,BR,1554418800.0,73.4,94.0,75.0,73.4,10.29
595,qaqortoq,-72.65,-7.74,BR,1554422400.0,80.6,94.0,40.0,80.6,3.27
597,sorvag,133.88,-23.7,AU,1554422400.0,80.6,30.0,0.0,80.6,8.05
598,ouango,-73.94,8.46,CO,1554423967.0,87.29,49.0,12.0,87.29,6.4
599,nishihara,145.77,-16.92,AU,1554423498.0,82.54,70.0,40.0,84.2,20.8
601,boca do acre,-116.92,32.22,MX,1554423955.0,62.01,59.0,75.0,64.99,8.05
602,kropotkin,-34.81,-7.47,BR,1554422400.0,80.6,83.0,20.0,80.6,4.7
603,gat,22.37,37.51,GR,1554423946.0,52.14,87.0,75.0,57.0,1.36
604,baoqing,133.81,48.6,RU,1554423968.0,37.07,43.0,0.0,37.07,9.75
605,macaboboni,131.82,34.05,JP,1554423166.0,56.39,54.0,75.0,59.0,9.17
606,palauig,-108.3,52.78,CA,1554423533.0,41.0,52.0,20.0,41.0,13.87
607,damavand,-3.87,12.73,BF,1554423969.0,89.81,51.0,92.0,89.81,3.38
608,akdepe,-115.98,36.21,US,1554423650.0,69.57,21.0,40.0,71.6,19.46
609,altona,-72.63,2.33,CO,1554423969.0,85.49,47.0,44.0,85.49,4.72
610,barra dos coqueiros,134.96,47.88,RU,1554423969.0,35.63,54.0,8.0,35.63,11.54
611,cheuskiny,31.15,39.02,TR,1554423969.0,36.8,92.0,76.0,36.8,3.71
612,asau,-48.64,-26.24,BR,1554423347.0,78.44,83.0,75.0,78.8,3.36
613,khani,96.16,27.93,IN,1554423970.0,54.26,79.0,92.0,54.26,1.36
614,mastic beach,83.31,52.12,RU,1554423970.0,32.57,93.0,24.0,32.57,3.49
615,barawe,18.64,3.65,CD,1554423970.0,74.24,99.0,8.0,74.24,3.04
616,jamame,131.25,-0.86,ID,1554423970.0,81.44,100.0,64.0,81.44,4.38
617,moundou,-47.94,-19.75,BR,1554418800.0,78.8,65.0,0.0,78.8,5.82
618,reconquista,-76.22,36.3,US,1554423955.0,54.45,54.0,1.0,57.99,6.96
620,kapit,114.84,56.36,RU,1554423971.0,20.6,60.0,56.0,20.6,2.82
621,litovko,90.25,54.0,RU,1554423971.0,21.68,77.0,80.0,21.68,3.38
622,presidencia roque saenz pena,-40.06,-15.65,BR,1554423972.0,73.34,83.0,0.0,73.34,5.95
623,kneza,122.42,37.16,CN,1554423911.0,59.0,57.0,0.0,59.0,1.99
624,dubbo,21.55,29.03,LY,1554423972.0,64.07,38.0,68.0,64.07,8.41
625,kodarma,20.67,47.65,HU,1554421500.0,51.8,66.0,0.0,51.8,9.17
626,petauke,10.75,59.27,NO,1554423948.0,39.31,60.0,0.0,45.0,6.93
627,ahuimanu,-157.74,21.39,US,1554423747.0,80.35,65.0,40.0,84.2,9.17
628,aswan,19.78,-31.47,ZA,1554423973.0,46.97,92.0,8.0,46.97,4.83
629,maniitsoq,110.25,-7.94,ID,1554423973.0,74.69,99.0,36.0,74.69,4.38
630,beyneu,150.17,59.7,RU,1554423964.0,36.35,66.0,0.0,36.35,11.21
631,palmer,70.38,29.56,PK,1554423973.0,74.06,56.0,20.0,74.06,8.19
632,oranjestad,-53.81,-29.69,BR,1554418800.0,75.2,100.0,90.0,75.2,4.7
633,san quintin,-96.94,50.09,CA,1554423929.0,35.26,80.0,90.0,36.0,23.04
634,fortuna foothills,72.89,2.67,MV,1554423975.0,82.88,100.0,0.0,82.88,4.72
635,babaeski,32.8,47.07,UA,1554423975.0,30.77,73.0,0.0,30.77,3.04
636,namatanai,41.92,64.29,RU,1554420600.0,33.8,69.0,20.0,33.8,7.74
637,tecoanapa,-14.37,10.7,GN,1554423976.0,86.21,44.0,56.0,86.21,7.52
638,plastun,-47.3,-1.36,BR,1554423976.0,73.43,94.0,92.0,73.43,3.04
639,adolfo ruiz cortines,107.03,33.08,CN,1554423976.0,45.8,79.0,0.0,45.8,2.15
640,uray,178.42,69.38,RU,1554423976.0,11.6,100.0,20.0,11.6,6.73
641,port macquarie,-104.74,24.39,MX,1554423616.0,76.15,6.0,75.0,78.8,16.11
642,kiama,50.17,-14.27,MG,1554423977.0,80.9,100.0,88.0,80.9,13.33
643,bulawayo,-85.83,33.61,US,1554423856.0,59.14,82.0,90.0,61.0,3.36
644,toliary,-113.29,54.72,CA,1554423708.0,31.94,76.0,64.0,31.94,5.84
645,zimapan,80.87,59.06,RU,1554423978.0,19.43,72.0,0.0,19.43,2.26
646,ziarat,116.03,-34.44,AU,1554423868.0,52.0,96.0,0.0,52.0,4.5
647,xuddur,167.42,-16.11,VU,1554423978.0,83.33,90.0,88.0,83.33,6.17
648,karachi,-51.74,64.17,GL,1554423722.0,35.29,40.0,75.0,35.6,23.04
649,santa cruz,17.88,-29.67,ZA,1554423978.0,50.21,91.0,0.0,50.21,5.73
650,kudinovo,48.8,-19.9,MG,1554423979.0,72.35,100.0,80.0,72.35,2.93
651,vidalia,-79.24,-7.96,PE,1554422400.0,69.8,88.0,20.0,69.8,9.17
652,biltine,102.73,57.96,RU,1554423979.0,22.31,81.0,44.0,22.31,4.94
653,nantucket,13.26,10.27,NG,1554423979.0,72.71,40.0,0.0,72.71,4.38
654,moindou,18.43,53.35,PL,1554423966.0,47.93,57.0,0.0,51.01,10.29
655,la ronge,39.2,7.1,ET,1554423980.0,43.1,99.0,20.0,43.1,2.93
656,waddan,7.31,11.52,NG,1554423980.0,69.11,61.0,0.0,69.11,2.71
657,baruun-urt,15.55,38.19,IT,1554423957.0,57.79,82.0,90.0,62.01,13.87
658,kerema,-7.71,38.31,PT,1554422400.0,50.0,93.0,75.0,50.0,13.87
659,buraydah,-59.27,-29.14,AR,1554423981.0,68.21,83.0,56.0,68.21,16.02
660,ranibennur,106.21,29.21,CN,1554423981.0,56.15,93.0,68.0,56.15,3.15
662,phan thiet,15.59,5.94,CF,1554423981.0,65.15,92.0,8.0,65.15,2.82
663,saint-georges,-67.88,-15.5,BO,1554423981.0,68.57,90.0,56.0,68.57,2.04
664,yar-sale,53.65,28.94,IR,1554418800.0,53.6,87.0,48.0,53.6,2.59
665,ligayan,7.82,51.68,DE,1554423947.0,41.2,100.0,92.0,44.01,2.24
666,werda,18.58,44.13,BA,1554422400.0,53.6,62.0,40.0,53.6,10.29
667,kabwe,56.68,59.42,RU,1554423573.0,18.0,48.0,0.0,18.0,5.5
669,puerto cabezas,6.79,4.71,NG,1554423983.0,77.03,91.0,32.0,77.03,5.06
670,pimentel,122.3,29.96,CN,1554423983.0,55.79,98.0,20.0,55.79,11.54
671,kyzyl-suu,-77.89,2.57,CO,1554423983.0,77.3,88.0,88.0,77.3,2.93
672,tsihombe,10.53,52.26,DE,1554423820.0,44.85,93.0,75.0,46.4,6.93
673,cumaribo,-42.46,-5.04,BR,1554422400.0,77.0,94.0,90.0,77.0,4.7
674,buinsk,48.47,56.76,RU,1554423984.0,19.61,71.0,0.0,19.61,8.3
675,saskatoon,-2.46,41.76,ES,1554422438.0,37.99,74.0,76.0,37.99,2.71
676,paamiut,5.65,58.89,NO,1554423904.0,46.47,81.0,0.0,50.0,6.93
677,richards bay,90.19,23.66,BD,1554422400.0,78.8,83.0,40.0,78.8,4.7
678,kishorganj,16.3,38.28,IT,1554423905.0,57.18,82.0,90.0,62.01,13.87
679,dunda,35.7,47.26,UA,1554423985.0,29.51,58.0,0.0,29.51,5.5
680,foumban,3.32,14.35,NE,1554423985.0,76.31,57.0,0.0,76.31,3.04
681,zeya,170.57,-45.75,NZ,1554423896.0,55.0,59.0,92.0,55.0,4.0
682,ormara,1.37,42.87,FR,1554423964.0,36.25,74.0,64.0,41.0,2.15
683,asosa,-67.15,18.09,PR,1554423923.0,76.03,73.0,40.0,78.01,13.87
684,puerto leguizamo,4.41,9.9,NG,1554423986.0,79.28,45.0,0.0,79.28,6.06
685,grand gaube,-106.42,23.22,MX,1554423370.0,78.01,57.0,75.0,80.6,9.17
686,council bluffs,5.7,58.57,NO,1554423381.0,45.27,81.0,0.0,50.0,6.93
687,neuquen,-77.59,17.89,JM,1554423987.0,73.25,89.0,92.0,73.25,3.71
688,manicore,-72.74,-8.27,BR,1554423987.0,82.43,71.0,0.0,82.43,3.15
689,pafos,46.47,14.4,YE,1554423987.0,57.68,88.0,48.0,57.68,2.48
691,hobyo,84.04,18.42,IN,1554423987.0,70.55,88.0,36.0,70.55,2.48
693,tawkar,35.84,-4.73,TZ,1554423988.0,63.35,93.0,48.0,63.35,5.06
694,macas,41.46,58.89,RU,1554423988.0,17.81,62.0,0.0,17.81,2.93
695,flinders,143.1,49.22,RU,1554423988.0,33.29,74.0,36.0,33.29,8.63
696,hammerfest,120.31,5.37,PH,1554423988.0,82.79,100.0,12.0,82.79,3.04
697,morinville,-76.9,34.88,US,1554423952.0,59.86,51.0,1.0,64.0,2.59
698,kandrian,-75.2,7.98,CO,1554423989.0,84.68,62.0,44.0,84.68,3.49
699,borba,123.73,50.57,CN,1554423989.0,32.93,43.0,64.0,32.93,4.72
